15817
17039
3709
19715
7871
7729
5591
33985
8205
16093
14767
16493
36177
977
26313
28611
28681
3523
6557
9527
21231
4981
22415
7409
24151
17293
6429
2317
15291
13721
4363
46035
3285
4599
31457
2419
14613
26249
31629
3117
17011
9071
11545
26651
2225
4405
6999
50969
3161
10753
33845
34869
9127
8193
15697
6901
20359
7589
20085
21831
14757
17313
27467
16805
33981
21807
27641
20703
493
6615
2529
21849
11657
48079
24013
4817
5583
463
2295
6079
3013
17425
17673
13395
15751
22141
42885
4615
27511
11337
377
5075
51127
5761
17463
8807
41415
21457
41169
38079