4869
15025
761
5595
5617
17181
1867
13913
2735
331
4837
1529
10275
4795
16029
15891
5669
20453
20807
11641
7035
6577
8067
18695
2583
14325
14821
16703
6507
18937
3429
599
12413
14751
4713
2989
2135
8929
6289
15427
18119
615
6337
223
4809
16495
3165
3883
19135
2897
21645
3873
22527
2803
8529
18991
6821
2273
5787
11733
5395
10541
657
6707
12215
13581
14905
13233
8499
3951
9165
6545
13131
13831
12195
2247
4355
5861
16945
10877
6845
1335
2475
6329
8823
9209
9293
6821
4181
12493
8699
3725
1097
13729
5617
7719
5155
5451
679
4329