7259
8985
10899
32935
327
11129
1701
1393
4305
21357
3511
205
13033
7867
9169
10765
6615
17123
777
14679
40343
11979
7027
10105
29083
7941
5281
2111
10819
32469
16467
5553
21901
6169
6543
7807
7711
2163
26389
20215
23463
9299
11465
5181
35361
7763
4275
6089
19391
15987
26207
109
48325
5335
12037
18517
2505
9449
1545
7785
5689
18841
10697
16007
10005
31645
2553
17645
10971
5073
3365
1571
32077
12447
28307
11655
24327
19371
14025
17947
7591
4135
11129
2751
30399
7159
31329
22965
37129
2825
24133
9493
5107
14617
7617
22025
13323
20823
6849
5891