8165
2989
3411
13705
2037
11519
17989
19785
8303
24157
4087
16931
9503
8449
19703
15263
1697
5841
6275
625
17871
8909
2937
1323
2373
12069
2439
29445
15161
1271
11121
387
13229
18449
4373
3711
4915
24193
12369
519
13619
6687
19149
2703
8593
12375
14775
2051
709
7809
399
11557
1931
6319
10045
6879
10159
901
1919
6407
2901
6509
3737
6389
1597
3335
4213
1135
10043
20947
10231
829
3137
1271
1147
8285
561
6103
14473
11485
28649
5699
25763
14041
5711
4415
10367
587
4509
9775
6773
11985
13687
9173
3673
1389
2129
3553
1921
4207